3,1
3,3
10,249
10,309
10,254
10,268
10,175
10,248
10,2
10,3
9,5
9,1
9,7
9,3
8,12
8,10
8,9
8,16
8,15
8,2
8,3
164,5
164,4
164,3
164,2
164,1
161,3
161,1
160,4
160,3
160,2
160,1
158,3
158,1
157,3
157,1
155,4
155,3
155,2
155,1
60,3
60,2
60,1
60,0
20,3
20,2
20,1
19,3
19,2
19,1
12,3
12,2
12,1
11,30
11,29
11,28
11,27
11,26
11,25
11,24
11,23
11,22
11,21
11,20
11,19
11,18
11,17
11,16
11,15
11,14
11,13
11,12
11,11
11,10
11,9
11,8
11,7
11,6
11,5
11,4
11,3
11,2
11,1
10,312
10,310
10,307
10,303
10,300
10,299
10,297
10,295
10,281
10,280
10,278
10,274
10,272
10,271
18,1
18,3
10,269
14,1
14,3
10,266
13,1
13,3
10,264
10,262
10,250
10,244
10,239
10,237
10,236
10,189
10,173
10,164
10,160
10,148
10,137
